388677903
93744401
61802558
34323844
631117
126342095
49791960
58477690
32418779
3683011
60805875
4751402
136815560
102007746
131569020
455695
139820417
134037787
108560854
47671037
152089183
141437195
139311795
139020657
132839123
44616531
28620006
11509754
171690977
32698104
126989572
42921962
35061447
229534796
215104080
148137911
77086428
61951688
56385178
37410043
32408109
9670190
173747469
137970875
129512882
59782293
49072000
38803474
38085434
35190202
23052870
4895846
351244
181340
457005595
135344025
131810573
120614624
101338936
91381335
87801977
71179993
58319082
28345333
26769374
25572844
18835690
18705218
10290298
9590188
393100787
183647886
161356813
144102008
139390742
133280547
124046971
114967262
109018627
97304613
69289992
61433539
54681206
46443949
33452599
32803673
21269053
19041001
18286162
17735878
8879470
3776445
155249382
147444741
138704616
118613380
107877610
103477209
74494435
68223407
67461694
54187344
52002239
45209357
43207459
33382922
27749023
27601335
8737248
5642303
2443553
211220528
175847513
156185966
153386725
139023768
136931499
135817427
135123918
132251021
121790419
117463372
108597852
101837977
101631612
100215860
96538748
84587571
84044312
81420354
79292237
74633019
70090318
67504759
58053293
44221036
41568442
37933774
34246614
34226545
33519369
33216055
31336070
28894777
28762022
21042511
15584157
7047698
3011668
2715814
1093556
90242
219821851
192693693
162106343
150022874
148077142
143047073
142748623
142153985
139330775
137496405
134553324
133544771
126290667
117162065
116406580
108369568
97964189
93382379
89722284
83103352
82405392
81411021
78662305
68768827
67918245
65773089
64719889
58656579
56606542
48234459
45251585
41135728
38034767
33336866
32378519
31718273
26199720
20075257
16588527
13600879
11460818
11329164
2496723
306800309
306429846
295760666
269485714
251205574
210369865
197688387
177603097
165135368
157119066
150936612
140180776
137506989
135877518
135126555
134891868
133189040
132706179
119941939
117988796
117526346
110960038
110568876
110039200
108759494
104283751
102822408
102579802
100610776
99345661
98425012
97924507
91285031
89210364
88600407
87832702
71826459
71036240
70879007
70839926
68627840
60791896
57622022
57285764
55182326
49650316
43719976
43635504
38033217
37251185
36062006
35857122
31516427
31203848
28152246
26282625
25171043
24168694
22195815
20233166
19344813
16103890
14831285
12563703
12256096
11497033
8745067
3895488
1697182
507731243
333745979
321391703
316640702
299581180
256692744
243818601
242283771
224136788
222693385
208278624
201836814
196728210
194547875
192394828
188037380
186815317
175226916
173537218
167643049
167040968
159628405
154274052
152667743
151268826
150987334
147655989
146192525
142245865
141412986
140536435
140394646
138734308
135127738
133720965
132873530
132328954
132233273
132002050
131491330
130831819
130659149
123107935
122682163
120690145
118440348
112427267
111639458
110860533
107871468
107570275
104494639
103893006
102812740
99847075
99447537
96673861
95081590
93959755
93078810
91350292
88445439
85869092
85273629
82105811
79429677
77366167
76838866
76208591
74322207
73895585
72879055
71798341
71738135
70459709
69983648
68747798
68522809
66895400
66301163
64205455
62926933
62914060
62031225
61275779
58927773
58591997
55479390
54259027
51924028
46052336
42130314
41197603
38947258
38915725
37868774
37187982
37011829
36665569
36313981
35233779
35037127
33428056
30700622
30312624
29544404
29518250
28684012
27972432
27474118
27240112
27125074
24167633
23065506
20872435
20258086
14947175
14057483
13899215
11057802
10390436
10039503
9750528
2363238
2356910
2237555
417506057
308200517
300116359
289970353
289867284
282691182
280868524
278088932
277423615
274518083
269035664
267498198
244862634
225839463
224054343
221454891
216285220
214358905
209135024
203347792
194157728
192170876
190528142
186902541
186821756
186093908
185094637
183628549
178133531
177175159
174000737
171929704
170817320
168519246
161239784
160655558
157063300
156955324
155916095
154376293
151261400
151009547
146306084
145150008
144688657
143201180
142001306
141859504
140863135
140516495
137747962
135859314
135136164
134737400
134679755
134526474
133928524
133715960
133593865
133203364
133094639
132040491
131909698
130602421
127831284
122570304
122563852
122543959
120174841
118411489
117768967
117296297
115854522
115458875
114953228
114266353
113521681
112882950
112094506
110127119
108691866
106968177
106844239
103099557
102476935
101457959
101210180
100491870
100312013
99772586
98669638
97774906
97228647
96259164
94073557
93270093
92411151
90978148
90964840
85409536
83793415
83351308
81095757
80645810
80165903
79747634
76694145
74568884
73585641
71832182
71637286
71338442
71332365
69543784
69311569
68936348
68403158
67886747
67242201
66033536
65514046
65280737
63887055
63869883
63672798
62474918
62365639
61491923
59423694
59292211
58976872
58744235
56054437
55810952
55480973
54726324
52978837
52770153
52619563
51841030
51478206
51398048
51213263
48732353
48456569
46639694
45988962
45152268
44965727
44904773
44713000
44551085
43416426
41877194
38954239
38596098
37404841
37189655
36101110
35834094
35085040
34384723
32034810
32012225
31700193
30742348
30731928
28986255
28435418
28283415
25973892
25774325
24652480
23300608
21316333
20184278
19121330
18863169
18642204
18227578
16861937
16645400
16299954
16258730
16144082
16119327
15804046
15557448
14923828
14781112
14463627
14407333
13518325
9373741
9362764
8735376
8729727
7837769
7814009
7228924
6317842
4939885
3820587
2879493
1330703
936548
434720124
434093404
379899979
358343321
351551766
335897486
333959657
331148086
322853371
307303118
302604251
301428872
287367835
286821894
286098268
283503411
281424003
281326934
272015671
271474161
270467006
270232422
263662256
258726354
258253570
258221223
253960324
253466151
247119342
240549558
236261298
233691912
230229412
229231944
227180629
227040333
223273366
214888127
214725203
212470414
210277117
210216345
209399918
209175335
202433958
200801372
197444996
193988947
191279441
188985995
188049533
183871685
181879790
181642678
181081128
180325588
179888047
177020656
176689772
176427718
175669866
174166852
170562208
168965734
165125304
164631345
163759116
161137446
160097348
159666803
158874286
158595623
157661999
154927473
154796410
153944396
153082551
151343272
151185119
150465753
149960877
148192065
147660573
147211785
146144374
146015265
145401677
144877175
144212345
144186334
142795581
140979947
140782088
139914448
139779473
139679461
139301675
139094151
139089602
138718691
138138963
137906993
137489511
137415934
137397817
137356433
137168623
136452136
135402907
135314767
134925391
134868046
134770341
133923535
133819147
133764908
133763630
133236373
133152616
133014795
132729627
132386482
132166625
131895498
131879279
131794639
130926733
128412089
126605145
125128963
124994468
124349461
124333177
124070064
123559714
122304162
121611399
120545048
120270274
120230820
120062241
119750172
118766675
117463109
117179977
116363370
116175135
115591029
114791881
114366842
113794686
113115466
112214750
112015176
111418545
111345806
111258238
110598903
110167789
109448172
108577984
108365546
107936203
105945638
104884192
104580156
104341446
103772052
103049058
102689041
102687726
101170000
100746207
100523693
100416140
99838155
99700523
98951402
98724295
97173528
97133131
97020256
96863312
96017422
95514651
95162288
95061939
94769279
94013042
93674983
93646193
93378147
92945511
92304876
89289433
89106081
88285843
87621284
86494200
86075699
85619343
85392059
85359175
85344365
84315696
83923307
82730468
82457824
82282743
82275902
81370069
81030935
80384092
78072493
77620091
77528945
75740542
75498215
75016788
74837615
74771403
74674988
73539829
73362385
73327326
71975207
70776774
70093746
69503811
69216186
68625872
68422696
68344939
67946491
67667584
67194642
66386917
65166654
63421126
63378952
63099482
62118138
61471665
61171103
60904764
59981295
59772948
59663271
59276475
58165861
58118656
57894426
57687667
57586042
56402799
56388806
56063501
55757265
55501327
55450922
55373487
55324144
55151398
53674395
53152423
53102658
53038895
52917646
51768109
51386810
51250875
50528284
50359049
49480504
49252470
49244277
46798718
46321565
46087018
45770788
44851050
44690995
44099006
43365742
42325334
41719433
41593329
41469553
41165135
41118161
40874769
40615563
40536612
40166100
37855246
37770393
37691222
37534267
37047117
35857683
35738303
34834688
34805553
34466929
34211497
33264031
33226857
32242550
31805596
31483028
31111678
30529959
30475025
30138588
29952880
29906562
29885852
29835684
29547796
29035530
28984273
28918305
28763619
28759270
28686078
28665479
27731019
27642975
27637800
27481356
26839630
26602103
24779532
24557018
24363775
24217475
24216216
23963095
23919639
23833813
23619963
23606775
23553735
23028537
22754387
22713669
22319757
22095221
21760209
21160485
20909538
20775577
19054091
18335847
18224181
18154812
17879734
17522831
17337828
17191769
16648166
16591536
16481184
16066332
15862284
15660964
15349087
15006471
14951302
14784399
14777548
14775795
14772513
14391147
14376836
14062418
13482393
13238131
13137804
12839243
12664240
10867879
10864655
10828964
