15552615
193028632
9311441
220345366
27247674
105419369
52437981
5911450
4858679
24333538
22064239
6539445
12398627
5486298
5655961
5083104
15432571
9157484
6174293
6517889
34589986
3809794
8524482
21462914
26346035
52728498
49753126
1420471
5947958
219973122
6626019
13234156
177396196
10622142
91318259
218343109
53441265
13907784
3817351
21924520
41548990
6858706
8120468
37430870
27625059
9544379
17894765
104411870
140035767
13492267
2859828
107729384
1620439
200677441
5763653
165926109
63053771
4208679
765913
22855645
63063385
34828897
6721994
136932314
64766456
13802677
17274899
1482522
103949585
14943827
7294464
115148613
153959915
85382231
9173547
193581420
104414688
138364723
30276766
3183117
11282636
143563771
206200784
55088021
210504985
10196340
58604
16167819
28414742
696273
20518192
33720111
147886
31138367
12005174
33208840
14677096
19308038
14902941
140405277
137616688
26843336
178299141
29443028
51439376
12037504
85532361
46219339
8055
3918805
2253176
4784700
4733336
13988974
10479145
151212159
138044458
7595274
1358262
392255
27603331
105815055
3536775
10241036
20576924
17976709
15111818
23372939
7369623
6383012
16332761
2620921
105113674
1837153
15249016
2345507
16257456
6953994
29653274
53824493
14476898
45813390
17142987
50690615
192586665
140037465
25078039
11302344
5012993
136172446
134959635
10545362
9389186
8340416
147896424
34955559
23167457
22806940
10046818
136775348
42466876
23355235
5538774
87190234
13508854
1160389
44385025
23267088
6337170
98995728
51374043
12929493
12309547
4712237
239347
30009991
24037648
9081128
296809
195500
47040420
30061419
17681200
9848126
4265878
3641682
88515295
34457678
23345525
7477087
7036929
1640
20386285
10157633
151606180
68854871
25638701
14863303
13455956
3977959
32839585
14095009
167487544
10521554
6804065
6089833
4734436
138336242
105417340
37901198
23664060
4268679
36569412
25307871
11612796
11057068
1465512
296210754
64252172
33972983
23530994
5182930
5131099
53415756
14614425
13045909
5428867
1217401
138820884
133375269
82223898
79955708
37282945
12789871
10554044
902590
3108
137271429
69184815
11950837
10937140
5726856
2476079
1617646
219010230
45538633
21127994
17441310
14175495
3542107
3250797
32032119
30285162
28655723
8948621
33280300
5122198
4061179
82732622
25182849
16566560
15919151
13101146
11475852
9140964
6397408
4312739
2870451
1434976
10846
50862720
46022843
30323026
14422512
221609426
20201714
9135138
8609094
321926
210786368
94718865
37836152
24891970
23602463
18299016
10962027
6619035
4408822
136156539
61537144
10069689
41579
68725903
54772130
11853962
6342406
197397461
134111503
63697619
23585547
20271841
19186032
10014823
6035174
43193
27863
117118918
55282126
28766662
18288712
17861167
13109040
1700483
142656421
81283894
15693795
183844631
61701429
37758138
30466055
29688107
29615155
28522655
27780868
8497895
6856456
6681077
5719355
4277006
132829620
41692129
28727748
16699293
15754435
14147273
6291106
4644364
2308366
1453036
708386
202658120
136822646
136701190
107960712
67083964
37224599
37131776
13748263
8431239
3421799
2795298
811679
38798
63877127
43457776
41498944
38162805
34191081
11607769
7853802
3431172
1732249
1165766
770368
179515805
110952282
65968513
38974151
30523968
5618230
611556
105463
124511690
39415829
38265063
33994617
29030568
26765920
21488432
4786524
2701506
166714
120598716
114637243
88360356
86547361
65345185
38607953
28290165
20647973
20082913
18560238
18501858
16449031
16247172
13556149
12221695
11802775
7665957
6488566
5796223
5544067
3209522
2296869
291730081
148022529
147539310
143973835
133065734
132013672
93685751
75142725
70129131
59620013
27849217
23275786
18505143
13290993
5155330
2089232
1768390
420163243
221203629
160553737
117287944
93371486
83529811
36848876
32737073
9867357
8496014
8184366
7795452
6665604
5778906
5671097
5515665
4645393
2614272
381832
149357
56210
157693905
151442629
54568261
50235586
45084046
44296572
29264085
23081094
22495400
19586830
15758682
15210594
12561412
9605654
8287014
6523442
5978915
4514394
2888334
74089
142567654
75564971
22624724
14839270
12922717
8049428
523744
59920086
53291704
26830590
21679184
20094335
19199073
19121423
18257189
17572569
14318838
13730602
12526246
11098583
5664348
4244631
1291960
552153
161330507
43912598
41019182
38734305
35975080
34079122
31678778
26485763
18069517
16597924
15634949
12656633
10515634
6875322
6523218
2005130
620913
288871665
202121039
166282216
146028171
126893882
102469280
96117238
71373584
66352430
58434061
35948018
22203833
14689339
14567426
14161131
12935557
12300375
9029231
6237812
3073975
2672880
104819297
101154309
37016488
26160702
23060714
19364875
17425399
14475867
11788745
8619729
2030947
1380477
1249945
115949945
48677452
39635441
27495693
23271430
17745068
16716390
14619113
13546255
728047
105356881
73161271
65666951
37208988
34974442
30440921
25468107
25322930
25215365
18239160
17011684
16753962
12101939
6823265
3882413
3807068
3661478
3190062
2411856
2060801
1556740
54450
235001064
234765516
171532400
122725059
60557875
53080483
47226356
33613805
25894400
17778218
16974118
16142245
15614010
14090322
9651291
6426492
6337255
5186140
3197412
2727289
615858
455792
439006
107690
93860
137749620
135056659
117489005
101356805
84350920
69243203
57212407
40883307
28036842
23656128
17685397
15857825
12670590
8926943
4002860
1166753
203757
30689
104296822
89588204
78268767
65241531
52154780
48014213
41865871
40003895
33727093
32378549
32157083
26804730
24476048
23235042
15301779
14939847
14534352
13886931
9210508
7202085
6013853
5899800
5732329
5341788
3797062
3105214
2972276
2647192
817520
249664
91556944
89669624
64812795
62036287
54155093
49729097
40813038
32639979
28647445
25412178
21694407
16129083
15427187
14091942
10071478
8780505
6024330
5748368
4805483
4804310
3519352
2659630
2340534
1549217
161427601
152580363
112237664
97153565
85109759
52249237
51945429
46498518
36721157
35082871
34103422
27663812
21827587
21023770
17295692
16938201
16059535
15978733
15918373
14273337
6139327
3686158
2955090
2885628
316730
234489754
138801710
100329272
92499033
83879465
81386104
59450186
48505012
37848673
34941365
33592354
33381027
30888140
30178569
25953128
21846394
20120162
19317164
17272164
14660924
13342100
9408364
7558534
6404974
5467536
3384343
1511833
404090
7464
217780367
161086714
152718570
135935643
105150625
78599408
77593271
66146284
64776011
63829401
46211591
17914489
15838798
15165609
12676188
11013259
9583683
9210338
8835498
8383000
7899161
7668800
6423668
5521669
5442593
4898692
2966836
1571216
1096400
806167
175445
145199
48030
155058946
138876231
92782384
87736722
62273642
57739387
54117737
52142322
41174921
34780026
30734949
30661586
29437112
27885600
26398904
25039500
22123332
22091649
21153014
17138638
16889315
16404342
15871036
13844872
13640569
10490432
10220097
9280012
7213123
6690843
6502060
5557328
5141006
4809031
3544055
3262115
3213113
2872069
1919548
1352241
987694
264045592
174888082
142245170
124007867
100832779
95663278
88507497
59474062
56748308
55377047
55217802
40147739
39955493
37715389
22921391
22032346
18620619
18362464
14313289
8733929
8017519
6508546
6018533
5609774
3807894
3139253
2098995
764384
300034
21275
162221838
143752926
128891457
81307926
79707771
73157750
58752374
52933867
48219437
42873400
33499983
32492649
31485413
30520048
24129685
20770976
18146416
16654053
15977134
12865548
12044954
10010754
9875174
6958009
5508364
4841474
2636316
1921549
42076
14370
2419
442759304
228096781
164643428
140151600
110210469
102196240
90531539
83240933
81635170
71348476
65481437
60623134
49386974
48705931
43661899
42536079
41872777
39698664
38726860
34430185
33591727
32747754
29298831
27937213
27930118
27918825
26728173
26456054
24468984
23503258
19861713
18872213
18842522
17520276
8395978
7300529
7178729
6350621
5982079
4667165
4501973
4203623
3955098
2931471
2662057
1010467
718580
533692
351404
138629
185595553
179894797
153451850
153143730
135648433
135609254
96286922
92791350
91438746
85540074
72290554
53859770
52435902
49063650
44011287
38448665
37035874
32177413
31530869
26344367
24331559
21460033
20348176
20304646
17794270
14872673
14334795
14024307
13796644
13015873
12776352
9962955
9704557
8966178
6893896
4615845
2710757
2423326
759367
428366
93193
338806405
222849084
200676753
183872399
138627471
116426447
109846654
101236308
91272992
90843305
84819015
83110025
78075748
76702758
76141710
71662554
69987081
55259226
55249230
53634549
48107412
47401683
43536693
34711591
34255181
31032991
30229914
28233612
27518831
27102986
26108316
25525174
23234830
21177917
18824404
16517191
14487906
12987762
11495701
10951326
8158815
7089861
6393178
5560702
4912844
1959629
1922647
963202
234650
