121538834
131519004
1995186
54111604
2260145
16964670
200770086
33548497
32183746
5264148
173910956
306938646
149615271
74838298
7130202
44730230
203802747
113665468
247866467
49927465
11026922
46221738
14264519
26231
14787
91822827
151534781
33490163
116318243
114472810
12556547
268369577
94199503
86352094
2717263
34209796
136086109
10815455
194959183
26201136
114738840
343368201
52112698
42496268
23216850
204365655
67717450
7256358
152886693
54701057
71736242
38752383
19290780
15828266
9378232
47771174
49364608
15978733
59776022
8068803
131825317
175605696
21275
1251120
143351782
137123281
59895671
56623164
29123834
146493471
142306360
14417718
13345708
2202224
244724387
48174865
1706858
26966389
8083987
148857685
111191927
78987279
22872341
156101310
105619772
13796068
388912745
320931594
40272618
31028412
28495109
132642495
47237396
27218444
21680392
186020061
91589703
256841
139701559
86116454
131519004
1995186
54111604
2260145
16964670
200770086
33548497
32183746
5264148
173910956
306938646
149615271
74838298
7130202
44730230
203802747
113665468
247866467
49927465
11026922
46221738
14264519
26231
14787
91822827
151534781
33490163
116318243
114472810
12556547
268369577
94199503
86352094
2717263
34209796
136086109
10815455
194959183
26201136
114738840
343368201
52112698
42496268
23216850
204365655
67717450
7256358
152886693
54701057
71736242
38752383
19290780
15828266
9378232
47771174
49364608
15978733
59776022
8068803
131825317
175605696
21275
1251120
143351782
137123281
59895671
56623164
29123834
146493471
142306360
14417718
13345708
2202224
244724387
48174865
1706858
26966389
8083987
148857685
111191927
78987279
22872341
156101310
105619772
13796068
388912745
320931594
40272618
31028412
28495109
132642495
47237396
27218444
21680392
186020061
91589703
256841
139701559
86116454
76913300
56865460
355473
100526275
97486993
75816501
21108951
5738478
212697318
193720085
115754921
97543108
50841730
45055654
17379732
10181461
35370
167269697
121940007
61828104
40422766
36438203
28235780
17586031
11038942
10065235
617406
229796911
206582702
139340615
106487297
68552515
62547721
62119197
47437348
37901413
29067661
18570060
84300
236022433
150657301
122201443
71728623
50264718
49100436
47861523
19402286
13628297
11668299
8530882
209600
252603552
218707041
147235619
134634123
88871409
82427048
67246612
45468845
39437476
34625827
27557063
26506917
17235163
15895529
10460310
9930260
8316433
7682023
5243066
3289760
2879251
2299884
146865752
97799723
96940130
42152612
41347322
22879144
20805458
14161997
13100981
2576089
753969
587562
406888276
221413493
153963710
111505772
98984288
97471916
94233598
92857660
91291750
69687519
49571451
39005561
31656431
31250223
27018002
20491625
20068291
11565866
9501888
5207798
3443018
2441360
2027789
318425087
172301956
151295214
135018223
122566601
99817024
98613925
93922798
64434228
63391550
63065812
62272855
46171171
41473731
38859691
31828011
26397650
23773621
22701639
21888248
20862218
19025162
17459363
16490914
13339677
12371290
10961409
10741281
6810472
6083981
5442282
5439893
3796157
2591945
2020796
218882
18007
194171458
145830650
137186368
134123858
133675644
123430301
119459994
112621389
94950294
89542684
80866086
80055281
74005219
63515616
61610710
60836462
57649699
54857177
47756421
32069729
18338753
12604145
9785085
7803244
7624684
5798187
4563663
2453968
809098
549965
494738
7338
401736865
315065759
265473242
230827597
201081925
198578791
191357540
191236964
183430874
174744036
151912930
151759983
145986626
124780236
123569157
117107481
105448695
101723578
92032906
89132939
68208296
64818717
57509185
54628420
31952551
29018640
26758186
25616142
25223917
25136284
24091698
23652992
23263600
21795686
21678855
21356969
20566400
19476570
16728886
11233428
9825009
4407421
3804801
3597491
3357460
1496771
694689
418449924
410872010
327846160
321489436
252459472
248543831
233749851
228762840
179101372
178734427
177089295
171941079
171288958
164470017
156029507
155025653
153871308
151649373
145991797
127508571
124065017
120012958
109033163
104871024
104176069
91325271
90165142
89237631
87855386
87224161
84271209
80807325
78148719
77651784
76609822
74136951
73387907
67024210
58340189
58305160
55283731
55212716
43158117
42633652
36763722
33827193
29373285
24419443
23334059
19832167
19778620
19639684
19611982
18877594
18491297
17822756
17740568
17464639
17434165
14826306
13657281
12849455
9781741
7451168
7346616
7279826
7139624
6613718
6586799
5982956
3791222
1980719
1763153
1760743
1488223
1234507
544317
357351
199455
77237
54521
5218
313096033
287047597
266849441
250376121
234010749
231587102
199477522
196501123
187759895
185044274
179258731
174075586
171505273
170574885
165049008
163537981
161659355
157692983
155228808
153316714
153291204
153257086
147685798
147495160
147258169
144046213
140300465
138698823
136265914
135687865
134416642
134389071
132219140
122873003
119520788
106929153
103366531
102125662
101888946
101546197
86807328
81684218
81121022
79721494
79120326
71204377
67672193
62382880
61115106
60782126
60371212
58906937
57558292
55111232
53490989
53484950
53472142
50756771
50511144
46310114
45942549
45914574
44586940
41518649
38621668
37404528
36384654
35102830
33278586
31537528
30105751
29118642
27381923
25079580
23221111
22161789
19236523
18525975
18432223
18237285
18071269
16341380
14035652
12936549
12327041
10933312
9161611
8000529
7911074
2582421
2106586
2020493
1274843
601406
206048
110930
350635880
320582446
319970699
310269692
275244553
261403191
258234918
245114102
241867986
214551521
207437055
200217832
197101354
180672566
167180493
165767392
154579333
152957622
152127005
151461058
150562148
146023845
141118218
140291867
137634024
135670935
135067401
133874104
132834821
126419370
123211493
123012624
118577375
118276278
117550984
114530854
111386700
106350608
105636382
102361379
100092602
95740104
93892008
92403598
88824089
87559315
87184174
84840095
84585020
80437396
79965674
79406050
76574246
76406086
72917862
71315595
69656432
66466524
64124056
63581904
59632923
58424982
55884702
55831940
53460187
53437271
50470416
50350184
50152502
49802627
48066814
46968248
44855203
44510672
44231195
43865693
40801859
36601317
36428034
35300524
32121249
30676809
30319591
27823039
27161894
26645347
26574819
26072996
24433374
23620054
23369628
22672708
22581690
22140311
21145023
21139734
20134923
19874131
17304976
17058923
15006266
13975731
13869232
12971296
12756764
12545472
12323203
12159254
12110812
10952240
10544414
9430980
7780556
7327533
6494416
6358689
6188825
5561799
5170410
5065827
4954191
4691298
4333684
4293410
3049886
2556754
2021569
1295993
1214076
1127736
843697
823754
390411
317541
244335
215678
51562
25035
450623599
416244022
409536094
348844994
332574668
321593856
279161589
270501126
230130852
229199762
226644011
223273788
215957199
211597121
205484729
201692814
197735532
194190975
193504563
190873827
190114789
183631273
182761813
164409620
162674534
156086676
155273446
153777909
151954544
151915869
151587922
151539958
149182521
146620155
145647422
143382403
142152902
141884407
140652558
139997627
139755724
139332744
138765083
138544013
137321880
136864883
136069892
135463733
134978691
133138494
132319535
132219079
126668094
124945741
124768440
124581554
124531356
124430264
122514045
119787000
115060169
114256287
110059721
109848147
105588160
102107279
100966512
98363659
97155849
96955239
94245174
93597707
92805113
92464974
92212111
89154966
88720671
87009390
86765501
85426896
83209159
83198652
81833818
81353419
78309274
78151551
77162971
75470497
75360776
75292060
74729663
73973802
73200143
69876412
69187925
68542657
68232547
66990462
66859810
66124004
65445129
65107124
65013669
64828249
63200913
62981016
62568924
62372231
62331546
61648141
59639298
59148289
58776022
58345111
57797689
56615173
56366009
55334948
54913174
54144586
53275657
52711107
52149266
51981200
51079181
51071964
50676690
50637574
50580341
50422478
49491103
45862374
45509893
44959732
43922165
42881737
40895168
40645247
40409788
38971766
37740532
37687273
36186600
35190639
34607105
34392687
34266010
34221383
33350082
31815074
31648071
31485644
31331557
30792498
30405609
30020444
29686826
29621947
29295954
27857100
27240103
26966371
26864933
26312534
24894223
24551784
24096722
22175075
22147469
22084183
21336416
21302817
21114938
20943011
20726809
20100241
19731557
19670143
19653492
19497521
18214204
18194428
17851967
17788344
17647302
17445060
16240029
16097577
15904234
15892217
15748079
14720004
14513999
13821625
13750703
13706033
13492177
13331173
13023354
12647189
12577628
12327173
12311558
12167729
11210234
10743187
10572018
10270847
10244445
10100425
9555495
9418654
9398408
9321478
8838084
8677875
7803883
7298624
7280951
6283000
6121314
6096116
5920219
5033656
4816762
4631476
4169730
4140614
4069629
3942487
3609139
3552357
3538871
3175778
2999001
2469688
2440910
2208680
1719803
1653650
1174577
1042706
919453
621654
511272
423609
377621
160420
91872
44082
32315
496564346
436513872
430736268
422703507
420605063
419818588
398830494
387788443
381318084
380719567
364104785
362464220
358245551
356530751
355016628
334246232
302635377
287615126
280603632
279101288
270889484
264187223
248723312
247125946
239271631
234138708
232713842
232412572
225776235
222471569
221560900
204292477
201157688
198068635
193868479
193566450
191830977
191443508
187210947
186153382
185465247
184456664
182534856
181478019
179975120
179004129
178210298
174248066
174080367
172194954
167958817
164690586
164455789
164247223
163960028
162223122
159776563
159033363
157431592
157153150
157029509
156578458
155019462
154315837
154170754
154077730
153269609
151850127
150351662
147425840
147407102
147086414
146097453
145679598
145166573
144206876
144198876
143858642
142915704
142836829
141938801
141297766
140294262
140164511
139940386
