1324639
174069236
21535163
3374683
361575
23598183
164784680
11278138
80084140
1823520
28874966
167022
898935
203829864
3161779
2626967
584955930
959809
157301381
13268932
136012274
88630290
2033414
10431608
77263513
5276578
3698436
18848174
250194581
46103476
632290
87903838
646678
57194275
395034475
192278
487459240
137868339
58239799
93388
823919
9450365
102903659
2158227
15693651
13821502
193028632
25652329
67030
3887319
154091684
12003016
26455814
301466580
10541575
28280276
52785968
54879675
250614536
17765851
15660831
12452787
12143263
11584059
14153684
23891128
300337623
31218137
256872964
203172072
11470569
2432213
137340016
12923956
3821381
865923
3100916
2441578
22370724
888541
330420934
13541389
13790165
50283840
258435
38485631
36007817
2497658
239152283
310775202
60668374
2166999
158580198
6219774
4628068
193087887
3085871
23057640
26097119
103114061
377689068
3883740
29806721
44465
128254833
12240882
1001360
142851214
116495233
196310130
568959452
16460901
29213912
255580829
10394803
86712717
5906599
720772
239850778
1052635
60904128
35826034
32756042
24459299
37903
94456670
5911450
4858679
137008348
73010668
187225818
5132
31614792
152309219
1781600
34835382
156401980
155415538
2405349
54971612
13009340
15667212
225360758
38543819
153981843
66895309
29066062
175523
52234856
26969965
181292886
406
141186
30615371
7463463
5486298
102544966
142500354
40871940
31688817
4728331
7875567
188935069
7211987
168827561
14625412
98710297
524458
70262277
6842353
79491595
57569953
121984862
92388462
4743463
6517889
8356651
16331360
128604997
3960412
2152266
5340433
83828728
38599518
13451907
184677
7532361
137942394
42165900
184932424
209567832
18680768
4722059
40055617
28439340
154305681
7520240
5347806
53152018
36240123
317092148
6309718
5976281
169951069
3385809
1428831
484707087
29709161
47401774
10421739
6354306
568697480
14847406
167908884
2900776
189010154
15419593
157282953
48276194
22559997
10255369
4698279
270973343
221144298
181059240
191758965
82461
280036871
34279692
9723
5947958
4921064
10464622
6422047
98776424
21064238
372373
911992
943674
6894232
22795423
466905
41327062
242126463
9282609
2393241
33607032
52141854
972493
97079415
46306836
12994480
586989
16333307
13323622
28879128
5860647
287698138
61622698
633817
15536405
17652403
5724189
290920385
152212
21433097
91475564
3761815
45580689
2734234
165063161
98273698
94880048
251210
382073
21177228
151111385
43110879
15080926
177880018
3036618
6442560
1728087
132553225
10015036
9470259
160870082
37055047
19693229
124135202
34264014
48911845
17301378
9727015
8886927
1620439
1855608
14349266
5803743
1265351
506042918
337166735
283974404
214301622
174317012
69326230
22348094
123829539
141471991
45316639
39090147
368625
140887848
5763653
380782173
57355915
17637622
11784
354289
112968111
55741910
13495085
1228782
1096191
401529431
112738399
24228129
1340489
245508018
153222295
16298645
2333808
71251177
19744335
256467160
192395999
28740440
112050
50960238
4125529
5327519
116907942
15031282
139523311
46775
236049168
17056451
8432858
27629419
19029899
1482522
31447405
2162599
191203424
62152555
1668587
132742062
24425887
18663484
5273231
4330988
212
14501227
679586
176407713
8798621
2942963
436302
100805828
18529362
17015131
10921107
5910752
3859780
23274509
8032653
2530010
136037898
7406445
640407
19505760
123987686
12702855
884670
44811686
31496352
27828607
16017
342734744
104414688
92640378
29949852
27485502
4160030
1711328
26934124
14418480
4879658
1781603
94973376
34563627
28990071
86683446
72609796
3183117
2510506
442446790
180483032
10515129
2431693
289632
84982587
39438455
2383006
269605941
234419414
131649406
46471842
14339216
2243873
141880991
103356722
65054161
42660383
514925034
462460618
21027449
13968871
3461
78589241
20916392
12707537
6012915
139615352
90152374
68052341
7545554
3501221
2053365
245609308
223988680
88593856
32512666
760684
222923
8147086
425859682
137735663
135224461
41848727
26154556
2108359
183926276
86748035
28939540
28723137
3386446
83733721
62937141
6754727
640678
49924196
4476528
20052
329790366
151276549
14768189
1275708
425860759
236859705
6565011
1487486
680165
6894
62818619
4928649
334729
401629439
191866250
37614586
11800927
6283826
5921316
61698419
32659793
10545739
5204404
3350546
1141085
161214176
19646296
18123643
14877699
14798693
6709333
2739312
142215795
136030852
51431481
31349136
31138367
7252352
6102823
5495416
79581
143979862
50419582
8509741
2285328
3332392
1368197
1257667
342932886
185792912
145165865
123854061
53701084
202675292
6198038
1713051
79058
26234229
10833893
4826830
385183
275038856
175168697
56380868
27070413
13460257
8645376
40175
135970895
61978051
51439376
45615430
27893936
12923649
7891345
5754983
3059573
1114751
31503834
8794158
6506952
356926845
284503431
41448958
31535651
7057430
4632890
3004851
174493525
112883835
96454656
85032442
39406101
21931336
20399150
18459895
196429479
37489313
10411390
7794556
2111
135149160
117489283
84702241
72682822
19691821
14552644
10475621
4281027
236253
276643156
253977828
104420935
95720122
21687406
13988974
7717528
3822499
211731244
127105728
74041817
49381030
29230224
26375366
24834427
12668298
7595274
4401326
1425593
72407576
29715053
26239730
24454583
615953
119267001
17286060
5381870
290459
162060154
65565387
32199588
14825241
14352515
516986
176285
277716771
244853796
172179673
97122153
13206032
11162675
1567832
36615
195633515
186590183
136119797
132905702
117842542
113925698
31348512
6581492
3642687
139985
137634269
123145134
32530815
31760225
19137441
17018773
9563715
1798199
18812
336267388
32749397
30640549
28435066
21705502
8437640
6265473
187120577
53332510
20665024
16313469
7388088
104005328
27412427
15552328
10241036
5406854
1798384
391064
127143613
68745909
50134978
29735958
27017708
1296396
324485
171172992
164500380
137786032
136161839
120891758
97647740
18837628
14012553
913
136986341
122120358
31017683
21882854
15111818
14964586
7904392
1401744
408007102
185000526
164131497
91068051
83435264
62374128
34191964
30353301
13434726
13229896
6956747
1228876
235723
62023473
44949085
12516213
491207
288503
10496
244210697
50472884
10362805
3068707
1741581
882027
170401
3840
138087887
135117272
58570737
39031606
29020010
18205550
16332761
15658620
10278708
4517242
4334580
4296743
2208543
84060885
80086667
38127016
13060364
185448447
83470897
29845254
19636269
9570267
98284179
69990389
21839557
21224555
20531766
8694290
2727748
276238086
133764327
18698400
5161616
3345694
403981424
403921237
317695435
108636997
65717963
47499413
25526161
3533092
2904381
1214457
688443
119491
19472
68372587
58565353
21711415
16527795
15119287
13860093
11769467
7372323
6059852
325993
269824375
153336308
74526300
55006427
27481197
15392887
8847661
8465328
5927212
5674373
4375927
2856400
2133619
250547273
50013670
24542674
8021383
4018546
3258367
775333
137255
84834283
42220189
35907688
18899152
18853431
12210948
8383757
2106739
357986
206335230
131887054
12947910
7663404
6928600
5012993
188196859
186946316
64685268
55136720
45495972
36658279
21160478
20295991
13840252
7063746
6637679
6507243
27059
205069280
173269168
167261262
151913283
91835682
55512570
43773454
21192851
10545362
2254779
1481134
606845
97931240
15875448
12667741
8533805
7171423
6126714
2340959
150919652
62385971
54382995
30755385
26284302
15915027
13977734
10522134
9723426
6304131
877835
269957090
259242874
165540276
148919037
133470262
72950822
63863902
25344037
11632054
10103027
3670789
1127892
790186
495707069
89913036
42605966
39793514
27903998
23675413
19073181
12671543
6370879
5668000
2948037
915941
365054380
310314427
219653031
173167998
143188140
97408591
68784682
60849645
21160269
13502559
13160831
1761870
413959
319270
333678356
197465507
178932391
135110427
102974392
52508989
29575530
29172054
20631416
19795215
12309547
11879043
11358622
9451811
7698013
2639655
1573918
239347
58129
9900
3658
145066625
107993489
66410401
40796990
30009991
29515375
14385121
13742601
6841338
6402684
3342836
1701066
1008993
616619
346844
296809
195500
435318597
113692734
100058444
50032792
18380000
17681200
11439680
9397002
7047804
1547487
468520
458320112
415958156
225352142
131238933
51100030
36194604
30203548
21484384
14565080
13708385
11067128
10609600
9127699
8787017
6567675
475288841
344430708
210666428
169738604
165829271
159165410
123474789
115510243
98768119
51681782
43673012
41147987
31017864
28448134
26205791
25077861
20795397
3786479
3059169
95247
166254061
133395522
130483128
60591434
55808855
37843751
29254501
