95410796
138226301
152034359
139701559
45342383
9763588
137503338
118739048
72018223
155465978
131805131
151574321
91522624
59920666
310702387
169268600
134117588
133931055
133009297
109817428
86345844
82791798
51610932
16309794
11759514
223427631
150680346
147704976
133823034
69973782
64677534
48935115
33378116
28977889
13873327
232187050
217268466
216203322
214096946
153872595
151534856
125690108
117959715
94931707
94258603
62753956
55710290
52023179
39940773
35722630
32419659
31910474
26187853
17472819
10670686
267809791
168390973
163047432
138100909
132968927
128841888
128427892
127719112
126992592
122291403
108905545
107430640
78146521
72324055
71514022
65742628
61800253
55780261
55714626
53880867
49556394
38636442
32631556
31127010
23299509
13615029
375654099
293398142
216072047
209375473
167810098
159434217
151679671
137551135
134942658
134653513
134408889
132560487
112882894
106301177
104409163
92871113
89194640
86518013
85295765
83500256
82816026
67409133
62465452
58974615
58400278
52604701
52428288
46145528
40702007
40460401
35169018
31072487
28993541
26870117
25696973
22667474
20817326
20124036
19575516
18342431
16047998
7442286
1475071
696068
364786612
342078928
290275684
280379796
279807579
268596148
236249456
209960384
209326108
203480341
184224245
183639694
172064630
169214393
163623222
161666012
156606607
155751407
155068435
152260667
150426994
147505847
140453883
140132353
138851562
137698334
137045517
135591846
135573724
134523106
133360734
133112944
133016505
126898766
126445301
125464741
121915872
117248243
115947657
115108019
114775717
113539166
112793816
111247550
105644236
102972719
102235506
102029473
95567684
94847701
94171124
92691964
92284932
90359688
79675644
78888103
78039930
75705765
74756867
70063117
69248897
65959480
64399303
63066345
62802793
61315647
56241128
56013464
55194567
50648852
46449620
44251593
40835609
40294865
34678173
32800232
32680247
31918831
27549349
26137124
25432358
23285776
21693563
21597003
19178128
18584123
10694772
10149512
8596592
6945779
5954667
5702664
4529976
3091541
243165081
135637522
106321944
83565417
478569682
458612721
444325179
409623306
400583255
388837525
364265091
358888037
339951126
298332366
288680168
286139891
284683798
280347288
274624560
265159431
257823087
253260981
252778805
236995844
234119522
232173198
222049621
221149511
218577183
217829717
215998661
214866645
211009928
207728196
201912419
197110719
196308012
196064400
195672789
189823714
189212355
188324157
183754468
181013695
175313834
171467780
169323104
164926001
164682286
162764545
161778313
161233751
160570758
159809134
158244979
158064898
157427517
155766416
153810033
153791155
153050087
152411436
151447422
150288974
149464924
148916309
148394192
147738112
146500473
145811100
145430989
145414835
145094255
144609983
143768412
142976893
142962005
141791795
141785590
140898356
140196051
139540302
137840573
137799229
137739096
137691507
137544406
137531275
137259214
136347756
136073456
136022303
135752332
135233612
134940994
134810419
134682061
133945947
133377663
133276947
133069544
132954304
132586813
132263637
132212125
131937000
131929967
131924716
131718110
129690316
128024584
126258507
125374683
123733121
122325976
120459257
119523819
118936444
117989687
112477599
112425770
109799314
108466695
107965139
107534121
104885700
104382756
104282089
102674382
101747198
101405838
97982826
96845346
95697218
95370980
95342523
95336303
95054059
95014029
93874622
92294944
92104633
91278709
89697464
89576548
86155927
84421114
83858551
82592639
81013005
80797790
80751015
80125529
79649360
78086730
77462737
71611976
71213367
70241342
69067067
69007824
68881960
65907493
65604927
64778360
64369019
62867047
62852692
62340008
62162474
61507018
61148646
60946499
60123604
58382867
57861237
55299725
54213153
53341259
52631278
52257421
52255002
51330242
50849089
49642771
49230218
48524379
48511141
47510195
45878629
44374178
44110854
42741182
41358060
40878284
40844004
38994277
38818636
38512461
32897826
32250760
32243236
31956588
31668358
29388235
28836252
28772623
28749245
27381973
25624786
25616152
24066783
23722949
23183782
23065692
21176837
21167513
20426070
19634076
19263792
18800160
18001360
17785431
17716203
17207340
16224151
16009580
15934835
15741111
15731484
15524366
14682392
13296715
12304942
10837170
10672525
9753060
8353923
7909589
7430380
6401021
5594641
5487633
2082319
53997
33850066
28596833
15362424
241570311
172937849
153580925
133674399
132327676
110935514
98894896
84087975
71324030
46864654
43722069
33182615
29218204
15070879
11828567
10712931
10374234
399836148
303085591
300780989
239491371
227837384
178305782
164518334
162798463
155824406
137339060
135280556
124860930
122697164
107975986
102173962
100364467
89038135
85696893
85144586
66909384
62550882
58480367
50174609
49591711
46128700
31748146
29518255
28584606
27193197
26490836
24608553
20257944
12965479
11281285
4343459
134253294
376512812
373023902
318076388
295948121
280350350
255479653
234352793
214412361
211397289
184076194
183251557
182503441
181150386
180856421
180314016
177751648
175852093
174009936
173984489
170739425
161516288
153523132
152059575
147497703
146952179
146257322
145703918
144420045
142300234
137920389
137187259
136963296
135425338
134782510
133955374
132888972
130281749
121916671
119730200
115461013
115072101
111335261
101465789
100557567
100340803
97898835
96064079
95764493
95150160
82523539
80888820
79527846
79393498
78993497
76037358
75877480
72702694
63027679
61744042
59077738
56286592
53107535
52904799
51972936
50993197
48844363
37876579
37759434
36053847
32159287
31587141
27217437
27030200
26085256
25486577
25405385
25391469
23594946
21599220
18507035
17542064
17356539
17083943
16208757
14839747
13296549
12681889
11571088
10127322
6474793
3689859
160302782
96541842
45850928
10833273
218492004
169630619
147302397
136286189
135686912
112804895
83278027
68791269
41756161
25692774
411973223
233869753
208648215
199912041
199658433
183268431
159217431
153837911
152503625
150565037
145590829
144014759
137973933
134488363
133030702
130214909
84838485
75655290
75418685
69632917
69279598
377865171
371049915
343713361
330739583
250595588
246328310
243876579
242827699
227261069
225760068
225234869
217561006
214503288
212809243
199952857
199054049
197456505
193488308
186543716
160161733
155239300
154523231
154282984
152718626
152493677
142863025
140138630
138831113
138552349
137595398
136225216
125233823
121480406
114558321
103565830
94297790
93177595
77218839
70881362
70020494
68147380
67530025
51831489
43729653
33073710
30269709
13728431
2206184
196687421
109352440
94710167
27118355
134970939
55643781
311667377
162911269
147890027
139280306
138517675
130194539
70933609
59392254
55278079
14414498
144869852
496755930
481586819
475408220
381000461
371791777
370732044
326808813
313687208
270780654
270294487
251506266
233598090
229899719
198502195
196687405
184837980
178142011
164807875
153322537
152120772
151954211
150682277
140026428
139883369
139722973
139333376
136816222
136133665
129120083
125201507
124849363
116787711
115811190
115135464
111374002
107507658
106057568
101508651
94821572
93977964
89262811
88407015
85613608
81941403
78504397
63205891
61207027
61141437
60673503
53218915
45728338
43289213
38505694
28952050
27132503
20491406
20014542
16707185
1381587
171375654
180937599
151139915
135969855
134708958
37213778
20168954
443531776
123037469
93886717
417573369
340510462
334543397
309219387
302414019
271202345
245742833
239376579
206950701
201197169
183986054
172032140
160506038
157696749
155407393
153739736
152987967
144500964
141555181
138881329
136141329
134308206
129708347
100117377
83478147
69923799
69025960
56402116
52526088
24570856
8090192
75334634
60931899
24347324
152890157
