54560078
128342148
239088795
61277046
77098200
114423444
19272700
23011568
263177453
32857323
2613087
49124049
13901068
9790388
38770314
152813616
131507160
17410489
13472764
64156252
3308033
49396199
17512831
216666692
27354092
119469702
68413275
52575362
43375226
114908697
75092864
76993947
2375815
65627384
21199334
153192128
93803138
68901916
64318714
52810909
976144
52953800
22609426
317110450
162166888
152027674
114420112
113729162
95179457
45912937
32970094
22702965
21245012
17829729
151968670
30909664
25780998
22683177
5051437
2681010
555385
143790746
136690940
27141047
24817339
18062796
13887375
11584953
509563622
138793357
133101202
79583350
78230771
64628207
53045816
43028054
42682877
19781809
15455860
8228603
231064555
104313696
98281666
89109937
65968945
56164282
50008270
20667461
18519530
17599054
16608927
13290461
11185125
7334276
2750770
36722
210989103
158636014
138794685
104495030
71642457
70735525
65469855
62488052
58782450
40687284
20112131
15335072
12013260
10748679
3172233
2089039
354378560
262082971
147412717
123104106
102902595
83548653
62558690
61788707
45719516
44893628
42923429
35679811
17205943
15895770
12865146
6861394
6039685
5015226
359854719
321896877
226636066
223793633
217894815
211974961
206003984
176591875
170929636
132527501
112666459
110011459
103825344
102086449
92232114
90186224
79511262
70640106
66802694
65207005
60162865
33608560
31442135
22336244
20337253
18453066
11567824
10122878
4580879
392863
145060
315522092
301568713
198726540
163054024
158197272
154803942
151481682
150741598
135536794
126814038
121615443
115442920
99448318
96591559
95107173
94573916
80181210
62829574
57698896
52585339
51788568
48430062
42707416
40955310
39325528
30839063
28046653
23691153
14500075
13184025
10584692
8706797
6869743
230704947
216015945
196377842
189387300
167183742
155080257
154390544
152818888
152607923
149662481
133257557
113715605
106095641
102480524
101958844
94889955
90410116
90380901
87097341
86848265
82539744
72914453
71369314
67775820
57343559
53935278
51416720
50929868
45704238
42110673
41269050
39685177
35730117
34734397
32427807
31846751
30874298
29499402
29444938
25940536
23955890
23848664
23114759
21641317
19533040
19495157
19076305
18634873
17192844
16729336
16321732
12241583
10101745
7981443
5394880
3224003
2125656
536752
111259
343991637
309743447
290703046
276154913
227075446
211644758
197025878
193580176
179656306
178617406
165923857
162506037
151393659
144488452
141866280
139503150
139285458
138758362
135974659
133281116
133103733
132153875
127426924
121318359
106821183
105715442
101756610
99807288
98408146
94498907
94432896
88396822
81211662
77151999
73206855
72807125
69349886
65428812
63737354
59256187
58892130
57869841
56622191
56307079
55839988
54731923
48155147
47370961
45166993
44639793
43629982
42693735
40973143
39325082
38199232
36258020
35880743
35813425
34577260
34130006
33593195
31901252
30115931
30110708
30004661
29932155
29906226
29175029
28216138
26752343
26279952
24961650
23736390
23673875
22717416
22470792
20285097
20058222
19509049
19126427
16547752
15852229
13641827
11460520
11005450
10696895
9098310
8956867
6407316
5678830
5567354
5338810
5268125
4638452
4014509
3669196
3072430
2954958
2045515
1755124
424012608
392923859
382315552
372158081
301644550
300562905
283226023
280479830
273848105
258369877
243304712
233361365
231096929
202871804
194051498
194031747
192488431
188596041
186968641
186810933
183160625
171628018
161461072
159996768
156155724
155981354
148269934
147329841
145774528
144625995
144562921
143889880
142604443
142523455
142447021
139552321
139373305
138047449
136450737
136235519
135997621
135607845
135320393
133126160
133033591
132556440
130769473
130170548
124317020
122840017
121887754
115976805
114137715
113144353
111787138
107826894
105557834
104492582
103776015
102310415
102217867
98335457
96864400
96670453
96502248
92955851
90782955
89714623
85236759
84505816
84288470
83711710
83328234
82950839
82886139
81757994
80663536
80556825
79245303
77130001
74527738
72990327
72917817
71026455
66908110
66884770
64778522
64241412
63991620
62560381
62460220
62269467
62131170
60350398
59581804
57911394
56007446
52936386
52177395
52043622
51623334
51481579
50646884
49376525
46648678
41802226
41289197
39769138
38608097
36204075
35843033
35414123
35079493
33270498
30585621
29783759
29259164
28843920
28318787
27871249
26438073
25911930
25906511
25558121
24519121
24454460
24242442
24179779
23025732
22437320
21794154
21594049
20910082
20433344
20248500
20190872
20179507
19407608
16826863
16374661
15760043
14714104
14142970
14056201
13816905
13701358
13520786
13431645
13341850
13236371
13205831
12320020
11859753
11409435
10409132
10253544
10006600
9214261
8996273
6364700
4300522
3967395
2607833
2179899
1325207
608259
346990
257653
459143493
413340618
395649340
367967961
309172866
300958755
297872033
294394967
288685130
265521297
263218580
258996685
247564844
246683576
246440269
242294567
236950831
232420848
226127474
225787152
224544017
224266748
222948225
222733965
222684044
220249215
207336582
206650526
206150143
205215004
203722691
202686761
201925434
196700212
195676439
187378711
186045053
184334985
183780522
181312982
180788385
180716872
179616841
177405825
175108297
172166255
169876688
167504608
166762429
166077111
165305757
164268335
161896952
157809025
156823749
153436718
153057987
152453320
152329391
151926063
151723859
151707103
151335706
151333994
150618184
149082287
146893500
143835576
142927124
142232087
142181844
142145077
141784555
140479548
140248073
139890852
139738432
136947107
136532285
134483618
134432608
132184399
132159025
131515075
129334631
123745632
123515143
123461041
123244678
120826695
120118397
119492638
119176047
116628822
115702017
114968141
114122487
112772739
110019749
108224712
107947352
105319388
104579478
104226907
103235424
103197588
102831755
101754497
100997611
99226658
98147113
98117355
97840787
97811934
97495971
97423719
97251814
96590022
96052638
95866740
95186871
94317747
94107255
93275089
92461611
91046869
90889202
90347113
89699782
88293186
88047439
87319887
87181075
87069674
86713044
86005296
85862969
84768370
82928415
82816606
81585245
79862851
78472251
78406518
77596796
75909631
75669436
75157655
73364458
73312891
73076464
72236675
71738650
71236017
70626040
70157710
69779391
69773554
68361515
68054118
67517003
67421899
67376904
67315615
66428741
64101811
61738791
61734659
61423279
61350389
61276027
61243434
60267311
60083662
59433866
59170855
58805058
58025881
57640307
56405048
56239917
55783021
55742034
55572117
55546858
54597330
53386132
53002266
51205809
50179212
50130278
49821232
49359255
48319312
47856592
47567072
47098920
45760916
45417803
45316865
45026312
43828645
43283579
43232584
41958290
41523083
41258020
40038683
39805196
39050862
38863683
38625858
38553536
37884301
37492390
37468436
37380631
37209903
37122277
35825724
35325633
34939648
34799130
34732310
34633328
34603679
34550765
34335616
34150938
34105945
34093198
33476279
32951996
32650648
31876268
31130896
31129497
31021860
30775073
30530121
30322508
30203747
30147652
30107404
29587805
29576185
29390767
29238016
29172375
28475629
27119640
26547669
26281367
26217893
25926492
25639297
24918358
24797753
24777008
24475577
23932839
23575745
23395548
23384644
22944896
22663062
22242882
21361467
21211785
20784380
20754672
20497711
19288970
19175400
18742209
18533152
17633521
17464959
17317224
17261743
16349155
16252393
16156589
15811290
15631009
15617088
15599761
15345321
15300116
14571993
14552532
14154461
13873703
13821280
13784841
13580139
13263626
13159262
12962977
12928944
12895565
12816547
12469264
12324961
12266539
12105985
11768899
11530540
11512112
11466573
11425560
11400534
10839369
10713971
10406259
10233761
10218776
10201519
10038065
9192658
9173336
9112882
8802719
8797032
8553921
8499256
8125498
7599985
7439556
7259111
6773901
6717364
6119001
6035118
5227032
4839662
4652898
2954548
2911995
2692199
2659952
2088739
1956074
1808733
1342315
985325
758249
216480
453157664
402599077
386962978
380417552
371028260
361407064
349050891
346773783
336927594
324216353
322965697
322906296
320521392
319813939
319325769
314380751
313423883
307518962
307080788
304922497
292048892
290779438
289081903
288623706
285848493
285546658
285456695
282540902
279297460
279189847
278073473
273111097
270375733
268413981
263641622
259139733
257634760
251059251
249029561
242098715
239494287
233026641
232708629
231017587
227095518
222909753
221350485
221221739
218609245
218546024
218366039
217599111
215997261
215900253
215854048
214815777
214248311
212884076
212748128
208909121
208536932
206640980
200990099
200131075
199506735
192490456
191976331
191349171
191123557
186228893
185876208
185042069
180711232
178217421
178107967
177516283
177150314
175659524
174368031
173415896
169564773
168499287
168121884
166656443
166052254
164900218
163512280
162500053
161853582
161338331
160531752
160053038
158631123
157009210
156713545
156413297
156066433
155831882
154343836
154332606
154077243
153365044
152926602
152875799
152624568
152022822
151405502
151371928
149270828
148043046
148030018
147839207
147781909
147397915
147395553
147284420
147152402
147071491
146641878
146195276
145843641
