93170599
128912740
13401243
14694122
142000935
22408
32170646
124661532
22547480
153323124
6538041
188005483
42629888
4408015
5612775
334487152
161520829
567207
32711312
7648470
30784567
228313951
185878180
4082081
5718221
15944740
27238982
65258327
94342979
150374071
884670
51887874
59548751
168206903
7415082
21634539
152011166
28168368
681637
52156529
175042462
122743847
8147086
11993832
58090423
28023437
135792086
640678
215510419
37107800
117930219
5495416
214720809
3531502
58438674
14182138
51077190
21785962
5777878
14908083
254280000
163786295
5257206
1807805
258663132
133673161
257260696
39031606
401863
19511183
4457103
25847784
9588378
97498948
231126305
81632716
1568740
64756077
7385166
1379738
41245787
151913283
135296399
106076281
25003122
20849523
108416229
17144917
77785171
13522269
9826195
200670202
75381767
30352477
9876744
1139787
251078323
30070848
32825921
18129341
13991053
223886
156023537
7427
150810671
138262447
86828929
81597583
160142980
16560192
13343116
912731
155725774
38579441
17307681
6898407
198161580
95866389
2088503
371733
20393370
12264486
219130675
81413396
57434771
38547193
27852399
10123183
8809468
5410035
355558
53385770
113508900
69127752
62637438
59329715
38226922
38106985
11911271
10758
94745756
13474131
167699793
1996587
136119706
17025163
15818293
1370796
77552825
25381168
17306077
3121929
20304
13163080
2644566
437110
41579
35528324
30368801
138753567
29217872
27195348
14208588
14
145981092
60380544
14310443
10253804
198952934
52757520
29286238
19757279
3699184
7666
138756050
51890163
20322776
6731541
212209809
142917661
45905654
1083633
228326651
49299910
24220851
20487815
20142687
19297424
57163857
34059294
11517429
6703667
124032081
104023429
80439231
58792223
33117703
12662700
10119749
193987147
75549765
32298360
30280912
17070492
11691215
3740967
4647
184775799
22228225
17555327
1768390
247885426
80840455
56111252
47111403
44714275
43466657
15791667
8337413
5488456
415641
136858935
126616203
66397780
61044267
34523981
20693931
6711857
4655392
4368003
1892593
54638083
46303932
38591455
11297247
367714
289744514
185949036
136503469
115007470
32526704
11193658
5604554
237660335
136077524
102104469
74041816
74020574
71866953
52438751
37595375
35523906
31167815
10457466
168507414
96256247
53755725
45398735
43063807
34035348
32183847
16954672
13475684
6640848
3060632
1558270
571872
149958984
115181245
95509669
50587908
39521552
38029920
29406014
26160702
24471961
22224588
21677799
272127
121632971
78075555
77136635
53935605
31274615
20723884
9869157
951756
685852
290608
379498304
143572719
97254360
51847872
19930102
12348726
11315519
11247601
1049791
250841496
138723275
61762225
59562151
54349665
34318098
18735727
8485016
5411330
2684649
2075353
97603461
88962718
86035319
76188340
75625591
72574562
50410714
49913838
49221509
38813304
34230881
31942005
30872023
29074048
26620487
4294835
165129103
40466011
39009611
37699213
33362530
29270266
23801910
21680266
19849615
18665118
13059479
7581896
6902218
2970667
1446315
1141188
13709
147512171
120290307
113910019
103666684
78120951
33605378
30566865
28893405
25220541
21672450
18017580
14896610
11325161
5716252
3893169
236630664
187666222
125524137
111073762
61648451
57251355
49443307
45264872
35645976
28190464
24397375
17647048
16059535
13148433
12559298
7604957
4409169
289592
352379743
134422343
95558272
69085971
53437527
36185892
29288612
27566226
25300585
16377526
15057079
10630443
5453544
902961
369563830
201224487
140492264
80805552
77593271
64194778
62718553
61618604
58019373
47421632
14125426
13034954
9133295
8721884
8354851
6119771
5870909
4811047
1922104
155615347
117803298
113486613
96824215
70588285
37050237
24908729
24503770
17469622
13949307
8896147
2646
213112528
163995064
144887347
91995740
87971659
85197976
73486152
62420817
49438881
36250076
33776970
30820047
28079457
26764720
23339759
22219782
16289641
15835521
12111893
5510618
4684360
179437652
102265483
78258714
72456384
71296103
68353024
59942298
58918542
56059363
41049074
32654365
30924571
21568469
19164408
17149965
15297163
14692936
12762070
11295171
8096879
6369208
6319519
3508608
3408927
3151790
1654646
1603704
555794
445827
324047
49459
2048
305578305
158295012
149277861
117188520
99082286
94069281
93022218
72031402
60456693
59520749
51467531
44805164
37940640
33704620
31149453
26195486
23413558
22027655
19643626
16901673
16318059
14600383
12277167
11303596
10362293
10180952
9908766
8395978
7056820
2927028
2035479
438953
150039
137177
114630
28452
172562473
141785187
139275387
136217332
105222140
95513932
73423697
71953304
70732476
58958306
56336041
56038658
45925349
26470804
22512333
12334578
10483379
10381835
9556999
9530649
7901324
6683450
5843570
5126007
3912135
3534365
2590635
2517458
1808831
1691260
1635619
3908
225192549
140318924
139166194
134603029
102023881
100957839
92535853
73661970
73321973
53496018
51597296
50100650
43908768
43777439
42291345
38730573
35825710
34473933
30407828
23856748
17550479
17250549
14040200
13690680
13678075
12481954
12176240
9789332
8636682
8074185
7311917
6243331
4870651
3926459
1163426
1078112
256110
178181426
154302971
135398389
122826782
111622266
110856881
87629142
79118145
70840407
60536029
60293929
59672868
53795053
42608069
41723354
37094681
28722674
27872244
27713541
24806837
21859973
20901379
20849563
18297573
16883230
15779713
13558252
4156669
3870321
3684202
2717703
2666123
1474017
129112
65029
156095937
151912379
142112578
137522515
94121328
86880272
69832552
63449853
54956302
53735962
53022762
52034781
32383081
32248141
30917434
26754843
22605377
22173595
21854004
19791422
17948670
17417216
14694686
14210408
12041795
11947844
11684007
11139423
7837687
7731528
7239912
6170858
5963443
5545071
3981108
3032133
2716387
2516654
1984929
1292562
749183
425176640
271203180
162719359
138563992
138063108
108156085
92791565
79737025
78304371
74371593
70975249
66064509
64713219
64697148
52848908
51123850
49462756
48911288
44967688
37603168
36801283
30266003
28753058
25772626
24483750
22534681
22268435
21879769
21833202
20139989
19526875
18444616
17822873
13804666
13433203
12777754
10041115
9767457
9328202
5879784
5517431
3148160
2958981
2723911
990926
757207
261272
207952
143971
134750
6205
197138311
143600621
142944246
142725011
139267903
114924208
106497692
97436867
84559535
79442575
71314622
64287182
60906062
58829653
57572030
57150177
56473399
49507514
48590254
48583445
47887000
45594100
44635079
44497258
42733125
35156058
33083315
27292534
25839032
25836659
24971082
21082898
20493884
16900828
15350631
15089643
13294424
12208305
10625337
8723584
7519561
6225704
5803044
3942169
3302766
2257669
1299147
529920
72828
163013008
155085720
139090368
102688133
96238725
92068399
89752485
87402015
85666832
81798154
81785647
66926147
65144068
64988978
61169310
61112179
59952539
59056184
58790750
57077165
55561920
54784240
51690545
49405038
46434295
37039144
36464546
35933167
33748120
32695188
29330485
25569587
25182593
18858604
18725849
17655917
17632368
13759289
12527087
11924241
11436693
11401677
11384819
11273761
11123459
9651308
9171257
7156553
6840391
5738665
4485184
3860529
2970656
2317829
2265257
1825075
1088793
921970
912611
266129
144513
24198
55
224338627
164576645
143337352
138432254
133127218
131644998
123305498
110374364
100930370
89937407
81057076
70505258
64631724
64074858
62962946
50397387
47407399
46159819
45468229
44798386
39041007
30364931
27479537
27016415
26740495
26449358
24950839
21515112
21068364
20577400
20295912
18824046
18764457
18590570
18009801
16638230
15923570
15838753
15217835
14530969
14402431
12066940
11914428
9365396
8806395
7233507
6749753
4732410
3557042
1357929
1351097
546315
337776
328242
55040
48881
36663
337649974
296421930
250011248
219730381
199423629
171311464
144465033
142266668
139507495
132827497
114893202
100025714
96566967
95105039
94361160
89225753
85468716
72802798
67139542
65396848
63030283
59830373
57345825
56871318
54988955
50572319
50160619
45757732
40037123
33913550
32405188
30772705
30103332
29696447
26622696
26256461
25565904
25144756
17850082
17404352
12538709
11745651
11141899
10121034
8058449
7819085
6682258
6149827
5891990
5777716
5696143
5053398
3325413
3021153
2558987
1849984
1476256
617163
578267
233816
84601
264715676
238328936
232252811
187226978
151638651
150687895
141157320
138635907
138344949
134470812
129565148
105208720
103230315
102307454
101797072
97662503
97258824
96855586
94848616
94361331
92693915
90381232
87033662
86644233
84572672
83304105
79365764
77868823
77682986
73036418
71585318
71061273
65492595
63552509
58045877
57168267
56877280
54036794
52004383
51638961
47430845
46171849
39610568
39012642
38006153
37847488
33511248
32767326
31283175
28514934
27550325
27035964
23701238
23602488
23345954
21691403
15354595
13763288
12575809
12203369
12166414
